MINOSthresh TimeBinElec Tshaping
25.0 20.0 333.0
HeaderFile DelayTrig StopT VDrift
psp140206   1250.0   8025.0   0.044320
psp140207   1250.0   0000.0   0.000000
psp140208   1250.0   8029.0   0.044510
psp140209   1250.0   8027.0   0.044392
psp140210   1250.0   8002.0   0.044441
psp140211   1250.0   8021.0   0.044448
psp140212   1250.0   8013.0   0.044481
psp140213   1250.0   8022.0   0.044333
psp140214   1250.0   7999.0   0.044520
psp140215   1250.0   8041.0   0.044653
psp140216   1250.0   7981.0   0.044418
psp140217   1250.0   8010.0   0.044379
psp140218   1250.0   7991.0   0.044484
psp140219   1250.0   7955.0   0.044573
psp140220   1250.0   8044.0   0.044448
psp140221   1250.0   8019.0   0.044550
psp140222   1250.0   8027.0   0.044606
psp140223   1250.0   7966.0   0.044484
psp140224   1250.0   7984.0   0.044550
psp140225   1250.0   8007.0   0.044412
psp140226   1250.0   8021.0   0.044481
psp140227   1250.0   0000.0   0.000000
psp140228   1250.0   8024.0   0.044382
psp140229   1250.0   8015.0   0.044494
psp140230   1250.0   8013.0   0.044441
psp140231   1250.0   8014.0   0.044438
psp140232   1250.0   0000.0   0.000000
psp140233   1250.0   0000.0   0.000000
psp140234   1250.0   8000.0   0.044494
psp140235   1250.0   7992.0   0.044504
psp140236   1250.0   8021.0   0.044421
psp140237   1250.0   8010.0   0.044673
psp140238   1250.0   8008.0   0.044666
psp140239   1250.0   7961.0   0.044693
psp140240   1250.0   8003.0   0.044464
psp140241   1250.0   7995.0   0.044590
psp140242   1250.0   8001.0   0.044477
psp140243   1250.0   7976.0   0.044763
psp140244   1250.0   8016.0   0.044431
psp140245   1250.0   8014.0   0.044547
psp140246   1250.0   8030.0   0.044428
psp140247   1250.0   7941.0   0.044914
psp140248   1250.0   7966.0   0.044441
psp140249   1250.0   7938.0   0.044362
psp140250   1250.0   7980.0   0.044448
psp140251   1250.0   8016.0   0.044339
psp140252   1250.0   7987.0   0.044577
psp140253   1250.0   8041.0   0.044238
psp140254   1250.0   8012.0   0.044593
psp140255   1250.0   8008.0   0.044593
psp140256   1250.0   8019.0   0.044458
psp140257   1250.0   8000.0   0.044560
psp140258   1250.0   7980.0   0.044623
psp140259   1250.0   7958.0   0.044580
psp140260   1250.0   0000.0   0.000000
psp140261   1250.0   0000.0   0.000000
psp140262   1250.0   7993.0   0.044484
psp140263   1250.0   7976.0   0.044487
psp140264   1250.0   7962.0   0.044507
psp140265   1250.0   7960.0   0.044603
psp140266   1250.0   7977.0   0.044375
psp140267   1250.0   8032.0   0.044590
psp140268   1250.0   8024.0   0.044408
psp140269   1250.0   7969.0   0.044510
psp140270   1250.0   8016.0   0.044435
psp140271   1250.0   8004.0   0.044547
psp140272   1250.0   7954.0   0.044626
psp140273   1250.0   8021.0   0.044514
psp140274   1250.0   7993.0   0.044713
psp140275   1250.0   8033.0   0.044716
psp140276   1250.0   7988.0   0.044693
psp140277   1250.0   7972.0   0.044613
psp140278   1250.0   7993.0   0.044573
psp140279   1250.0   7982.0   0.044850
psp140280   1250.0   0000.0   0.000000
psp140281   1250.0   7961.0   0.044510
psp140282   1250.0   7886.0   0.044789
psp140283   1250.0   7958.0   0.044890
psp140284   1250.0   7933.0   0.044810
psp140285   1250.0   7976.0   0.045011
psp140286   1250.0   0000.0   0.000000
psp140287   1250.0   0000.0   0.000000
psp140288   1250.0   0000.0   0.000000
psp140289   1250.0   0000.0   0.000000
psp140290   1250.0   0000.0   0.000000
psp140291   1250.0   6708.0   0.035257
psp140292   1250.0   0000.0   0.000000
psp140293   1250.0   8053.0   0.044160
psp140294   1250.0   7942.0   0.044646
psp140295   1250.0   7924.0   0.044994
psp140296   1250.0   7920.0   0.045042
psp140297   1250.0   7881.0   0.044961
psp140298   1250.0   7911.0   0.045327
psp140299   1250.0   7879.0   0.045314
psp140300   1250.0   7862.0   0.045321
psp140301   1250.0   7918.0   0.044846
psp140302   1250.0   7919.0   0.044984
psp140303   1250.0   7920.0   0.044739
psp140304   1250.0   7947.0   0.044813
psp140305   1250.0   7948.0   0.044917
psp140306   1250.0   7955.0   0.044749
psp140307   1250.0   0000.0   0.000000
psp140308   1250.0   7962.0   0.044613
psp140309   1250.0   0000.0   0.000000
psp140310   1250.0   7983.0   0.044686
psp140311   1250.0   7972.0   0.044846
psp140312   1250.0   7953.0   0.044753
psp140313   1250.0   7970.0   0.044686
psp140314   1250.0   7899.0   0.045123
psp140315   1250.0   7834.0   0.045396
psp140316   1250.0   7770.0   0.045362
psp140317   1250.0   7868.0   0.045572
psp140318   1250.0   7848.0   0.045406
psp140319   1250.0   7825.0   0.045503
psp140320   1250.0   7849.0   0.045403
psp140321   1250.0   7864.0   0.045534
psp140322   1250.0   7820.0   0.045627
psp140323   1250.0   7813.0   0.045461
psp140324   1250.0   7830.0   0.045617
psp140325   1250.0   7857.0   0.045669
psp140326   1250.0   7845.0   0.045496
psp140327   1250.0   7863.0   0.045645
psp140328   1250.0   7866.0   0.045774
psp140329   1250.0   7845.0   0.045666
psp140330   1250.0   7827.0   0.045742
psp140331   1250.0   0000.0   0.000000
psp140332   1250.0   7885.0   0.045527
psp140333   1250.0   7819.0   0.045739
psp140334   1250.0   7803.0   0.045753
psp140335   1250.0   7847.0   0.045700
psp140336   1250.0   7810.0   0.045704
psp140337   1250.0   7826.0   0.045725
psp140338   1250.0   7803.0   0.045826
psp140339   1250.0   7827.0   0.045781
psp140340   1250.0   7814.0   0.045802
psp140341   1250.0   7840.0   0.045847
psp140342   1250.0   7761.0   0.045669
psp140343   1250.0   7822.0   0.045669
psp140344   1250.0   7818.0   0.045669
psp140345   1250.0   7788.0   0.046051
psp140346   1250.0   7788.0   0.045910
psp140347   1250.0   7817.0   0.045746
psp140348   1250.0   7832.0   0.045700
psp140349   1250.0   7790.0   0.045928
psp140350   1250.0   7833.0   0.045914
psp140351   1250.0   7780.0   0.045805
psp140352   1250.0   7728.0   0.045816
psp140353   1250.0   7780.0   0.045603
psp140354   1250.0   7813.0   0.045582
psp140355   1250.0   7807.0   0.045714
