MINOSthresh TimeBinElec Tshaping
25.0 20.0 333.0
HeaderFile DelayTrig StopT VDrift
psp140206   1250.0   8025.0   0.044280
psp140207   1250.0   0000.0   0.000000
psp140208   1250.0   8029.0   0.044254
psp140209   1250.0   8027.0   0.044267
psp140210   1250.0   8002.0   0.044431
psp140211   1250.0   8021.0   0.044307
psp140212   1250.0   8013.0   0.044359
psp140213   1250.0   8022.0   0.044300
psp140214   1250.0   7999.0   0.044451
psp140215   1250.0   8041.0   0.044176
psp140216   1250.0   7981.0   0.044570
psp140217   1250.0   8010.0   0.044379
psp140218   1250.0   7991.0   0.044504
psp140219   1250.0   7955.0   0.044743
psp140220   1250.0   8044.0   0.044157
psp140221   1250.0   8019.0   0.044320
psp140222   1250.0   8027.0   0.044267
psp140223   1250.0   7966.0   0.044669
psp140224   1250.0   7984.0   0.044550
psp140225   1250.0   8007.0   0.044398
psp140226   1250.0   8021.0   0.044307
psp140227   1250.0   0000.0   -0.240000
psp140228   1250.0   8024.0   0.044287
psp140229   1250.0   8015.0   0.044346
psp140230   1250.0   8013.0   0.044359
psp140231   1250.0   8014.0   0.044352
psp140232   1250.0   0000.0   0.000000
psp140233   1250.0   0000.0   0.000000
psp140234   1250.0   8000.0   0.044444
psp140235   1250.0   7992.0   0.044497
psp140236   1250.0   8021.0   0.044307
psp140237   1250.0   8010.0   0.044379
psp140238   1250.0   8008.0   0.044392
psp140239   1250.0   7961.0   0.044703
psp140240   1250.0   8003.0   0.044425
psp140241   1250.0   7995.0   0.044477
psp140242   1250.0   8001.0   0.044438
psp140243   1250.0   7976.0   0.044603
psp140244   1250.0   8016.0   0.044339
psp140245   1250.0   8014.0   0.044352
psp140246   1250.0   8030.0   0.044248
psp140247   1250.0   7941.0   0.044836
psp140248   1250.0   7966.0   0.044669
psp140249   1250.0   7938.0   0.044856
psp140250   1250.0   7980.0   0.044577
psp140251   1250.0   8016.0   0.044339
psp140252   1250.0   7987.0   0.044530
psp140253   1250.0   8041.0   0.044176
psp140254   1250.0   8012.0   0.044366
psp140255   1250.0   8008.0   0.044392
psp140256   1250.0   8019.0   0.044320
psp140257   1250.0   8000.0   0.044444
psp140258   1250.0   7980.0   0.044577
psp140259   1250.0   7958.0   0.044723
psp140260   1250.0   0000.0   0.000000
psp140261   1250.0   0000.0   0.000000
psp140262   1250.0   7993.0   0.044491
psp140263   1250.0   7976.0   0.044603
psp140264   1250.0   7962.0   0.044696
psp140265   1250.0   7960.0   0.044709
psp140266   1250.0   7977.0   0.044596
psp140267   1250.0   8032.0   0.044235
psp140268   1250.0   8024.0   0.044287
psp140269   1250.0   7969.0   0.044650
psp140270   1250.0   8016.0   0.044339
psp140271   1250.0   8004.0   0.044418
psp140272   1250.0   7954.0   0.044749
psp140273   1250.0   8021.0   0.044307
psp140274   1250.0   7993.0   0.044491
psp140275   1250.0   8033.0   0.044228
psp140276   1250.0   7988.0   0.044524
psp140277   1250.0   7972.0   0.044630
psp140278   1250.0   7993.0   0.044491
psp140279   1250.0   7982.0   0.044563
psp140280   1250.0   0000.0   0.000000
psp140281   1250.0   7961.0   0.044703
psp140282   1250.0   7886.0   0.045208
psp140283   1250.0   7958.0   0.044723
psp140284   1250.0   7933.0   0.044890
psp140285   1250.0   7976.0   0.044603
psp140286   1250.0   0000.0   0.000000
psp140287   1250.0   0000.0   0.000000
psp140288   1250.0   0000.0   0.000000
psp140289   1250.0   0000.0   0.000000
psp140290   1250.0   0000.0   0.000000
psp140291   1250.0   6708.0   0.054965
psp140292   1250.0   0000.0   0.000000
psp140293   1250.0   8053.0   0.044098
psp140294   1250.0   7942.0   0.044830
psp140295   1250.0   7924.0   0.044951
psp140296   1250.0   7920.0   0.044978
psp140297   1250.0   7881.0   0.045242
psp140298   1250.0   7911.0   0.045038
psp140299   1250.0   7879.0   0.045256
psp140300   1250.0   7862.0   0.045372
psp140301   1250.0   7918.0   0.044991
psp140302   1250.0   7919.0   0.044984
psp140303   1250.0   7920.0   0.044978
psp140304   1250.0   7947.0   0.044796
psp140305   1250.0   7948.0   0.044789
psp140306   1250.0   7955.0   0.044743
psp140307   1250.0   0000.0   0.000000
psp140308   1250.0   7962.0   0.044696
psp140309   1250.0   0000.0   0.000000
psp140310   1250.0   7983.0   0.044557
psp140311   1250.0   7972.0   0.044630
psp140312   1250.0   7953.0   0.044756
psp140313   1250.0   7970.0   0.044643
psp140314   1250.0   7899.0   0.045120
psp140315   1250.0   7834.0   0.045565
psp140316   1250.0   7770.0   0.046012
psp140317   1250.0   7868.0   0.045331
psp140318   1250.0   7848.0   0.045468
psp140319   1250.0   7825.0   0.045627
psp140320   1250.0   7849.0   0.045461
psp140321   1250.0   7864.0   0.045358
psp140322   1250.0   7820.0   0.045662
psp140323   1250.0   7813.0   0.045711
psp140324   1250.0   7830.0   0.045593
psp140325   1250.0   7857.0   0.045406
psp140326   1250.0   7845.0   0.045489
psp140327   1250.0   7863.0   0.045365
psp140328   1250.0   7866.0   0.045345
psp140329   1250.0   7845.0   0.045489
psp140330   1250.0   7827.0   0.045614
psp140331   1250.0   0000.0   0.000000
psp140332   1250.0   7885.0   0.045215
psp140333   1250.0   7819.0   0.045669
psp140334   1250.0   7803.0   0.045781
psp140335   1250.0   7847.0   0.045475
psp140336   1250.0   7810.0   0.045732
psp140337   1250.0   7826.0   0.045620
psp140338   1250.0   7803.0   0.045781
psp140339   1250.0   7827.0   0.045614
psp140340   1250.0   7814.0   0.045704
psp140341   1250.0   7840.0   0.045524
psp140342   1250.0   7761.0   0.046076
psp140343   1250.0   7822.0   0.045648
psp140344   1250.0   7818.0   0.045676
psp140345   1250.0   7788.0   0.045886
psp140346   1250.0   7788.0   0.045886
psp140347   1250.0   7817.0   0.045683
psp140348   1250.0   7832.0   0.045579
psp140349   1250.0   7790.0   0.045872
psp140350   1250.0   7833.0   0.045572
psp140351   1250.0   7780.0   0.045942
psp140352   1250.0   7728.0   0.046311
psp140353   1250.0   7780.0   0.045942
psp140354   1250.0   7813.0   0.045711
psp140355   1250.0   7807.0   0.045753
